{
 "cells": [
  {
   "cell_type": "code",
   "execution_count": 1,
   "metadata": {
    "collapsed": true
   },
   "outputs": [],
   "source": [
    "import pandas_datareader.data as web\n",
    "import datetime\n",
    "import numpy as np\n",
    "import pandas as pd\n",
    "import statsmodels.formula.api as sm\n",
    "%matplotlib inline"
   ]
  },
  {
   "cell_type": "markdown",
   "metadata": {},
   "source": [
    "Class to handle the downloading of the OHLC data from Yahoo.com. Problem is sometimes the downloads fail for whatever reason (sucky internet connection in China???). So want to build a class that will handle the downloads for each symbol. If the download fails then keep retrying for a preset number of times.  At the end quit downloading if data was successfully retrieved or provide a report for what symbol was not able to be retrieved."
   ]
  },
  {
   "cell_type": "code",
   "execution_count": 2,
   "metadata": {
    "collapsed": true
   },
   "outputs": [],
   "source": [
    "class ohlc_downloader(object):\n",
    "    def __init__(self, ohlc_symbols, ohlc_end_date, ohlc_start_date, download_tries=5):\n",
    "        \n",
    "        self.symbols_download_status_dict = self.build_download_status_dict(symbols=ohlc_symbols, \n",
    "                                                                       download_tries=download_tries)\n",
    "        self.ohlc_end_date = ohlc_end_date\n",
    "        self.ohlc_start_date = ohlc_start_date\n",
    "        self.download_tries = download_tries\n",
    "\n",
    "    def build_download_status_dict(self, symbols, download_tries):\n",
    "        symbols_download_status = {}\n",
    "        for symbol in symbols:\n",
    "            symbols_download_status[symbol] = {\"downloaded\": False, \n",
    "                                                \"tries\": download_tries}\n",
    "            \n",
    "        return symbols_download_status\n",
    "        \n",
    "    def continue_downloading(self):\n",
    "        downloading_status = False\n",
    "        \n",
    "        for symbol in self.symbols_download_status_dict.keys():\n",
    "            if self.symbols_download_status_dict[symbol]['downloaded'] is False:\n",
    "                downloading_status = True\n",
    "                break\n",
    "                \n",
    "        return downloading_status\n",
    "    \n",
    "    def download(self, ohlc_symbol):\n",
    "        ohlc_data = None\n",
    "        \n",
    "#         print(\"self.symbols_download_status_dict[ohlc_symbol]['downloaded'] == {}\".format(self.symbols_download_status_dict[ohlc_symbol]['downloaded']))\n",
    "#         print(\"self.symbols_download_status_dict[ohlc_symbol]['tries'] == {}\".format(self.symbols_download_status_dict[ohlc_symbol]['tries']))\n",
    "        \n",
    "        if self.symbols_download_status_dict[ohlc_symbol]['downloaded'] is False:\n",
    "            if self.symbols_download_status_dict[ohlc_symbol]['tries'] > 0:\n",
    "                print(\"Attempting to download {}\".format(symbol))\n",
    "                try:\n",
    "                    ohlc_data = web.DataReader(name=ohlc_symbol, data_source='yahoo', start=self.ohlc_start_date, end=self.ohlc_end_date)\n",
    "#                     if isinstance(ohlc_data, pd.DataFrame):\n",
    "#                         print (\"*** downloaded a df ***\")\n",
    "                    self.symbols_download_status_dict[ohlc_symbol]['downloaded'] = True\n",
    "                    print(\"{} successfully downloaded\\n\".format(ohlc_symbol))\n",
    "                except:\n",
    "                    self.symbols_download_status_dict[ohlc_symbol]['tries'] -= 1\n",
    "                    print(\"Problem downloading OHLC data for {} from yahoo.com\".format(ohlc_symbol))\n",
    "                    \n",
    "                    if self.symbols_download_status_dict[ohlc_symbol]['tries'] > 0:\n",
    "                        print(\"Don't worry. Will attempt to download {} more times\\n\".format(self.symbols_download_status_dict[ohlc_symbol]['tries']))\n",
    "                    else:\n",
    "                        self.symbols_download_status_dict[ohlc_symbol]['downloaded'] = True\n",
    "                        print(\"Have failed to download {} after {} attempts.\\n\".format(ohlc_symbol, self.download_tries))\n",
    "                    return ohlc_data\n",
    "        \n",
    "        return ohlc_data\n",
    "            "
   ]
  },
  {
   "cell_type": "code",
   "execution_count": 3,
   "metadata": {},
   "outputs": [
    {
     "name": "stdout",
     "output_type": "stream",
     "text": [
      "Attempting to download USO\n",
      "USO successfully downloaded\n",
      "\n",
      "Attempting to download NFLX\n",
      "NFLX successfully downloaded\n",
      "\n",
      "Attempting to download EBAY\n",
      "EBAY successfully downloaded\n",
      "\n",
      "Attempting to download GOOG\n",
      "GOOG successfully downloaded\n",
      "\n",
      "Attempting to download TWTR\n",
      "Problem downloading OHLC data for TWTR from yahoo.com\n",
      "Don't worry. Will attempt to download 4 more times\n",
      "\n",
      "Attempting to download TSLA\n",
      "TSLA successfully downloaded\n",
      "\n",
      "Attempting to download CAT\n",
      "CAT successfully downloaded\n",
      "\n",
      "Attempting to download MS\n",
      "MS successfully downloaded\n",
      "\n",
      "Attempting to download FB\n",
      "FB successfully downloaded\n",
      "\n",
      "Attempting to download IBM\n",
      "Problem downloading OHLC data for IBM from yahoo.com\n",
      "Don't worry. Will attempt to download 4 more times\n",
      "\n",
      "Attempting to download AMZN\n",
      "Problem downloading OHLC data for AMZN from yahoo.com\n",
      "Don't worry. Will attempt to download 4 more times\n",
      "\n",
      "Attempting to download GM\n",
      "GM successfully downloaded\n",
      "\n",
      "Attempting to download UAL\n",
      "UAL successfully downloaded\n",
      "\n",
      "Attempting to download X\n",
      "X successfully downloaded\n",
      "\n",
      "Attempting to download BA\n",
      "BA successfully downloaded\n",
      "\n",
      "Attempting to download CMG\n",
      "CMG successfully downloaded\n",
      "\n",
      "Attempting to download HAL\n",
      "HAL successfully downloaded\n",
      "\n",
      "Attempting to download QCOM\n",
      "QCOM successfully downloaded\n",
      "\n",
      "Attempting to download MCD\n",
      "MCD successfully downloaded\n",
      "\n",
      "Attempting to download BIDU\n",
      "BIDU successfully downloaded\n",
      "\n",
      "Attempting to download GILD\n",
      "GILD successfully downloaded\n",
      "\n",
      "Attempting to download FSLR\n",
      "FSLR successfully downloaded\n",
      "\n",
      "Attempting to download MA\n",
      "MA successfully downloaded\n",
      "\n",
      "Attempting to download TWTR\n",
      "TWTR successfully downloaded\n",
      "\n",
      "Attempting to download IBM\n",
      "IBM successfully downloaded\n",
      "\n",
      "Attempting to download AMZN\n",
      "AMZN successfully downloaded\n",
      "\n"
     ]
    },
    {
     "data": {
      "text/html": [
       "<div>\n",
       "<style>\n",
       "    .dataframe thead tr:only-child th {\n",
       "        text-align: right;\n",
       "    }\n",
       "\n",
       "    .dataframe thead th {\n",
       "        text-align: left;\n",
       "    }\n",
       "\n",
       "    .dataframe tbody tr th {\n",
       "        vertical-align: top;\n",
       "    }\n",
       "</style>\n",
       "<table border=\"1\" class=\"dataframe\">\n",
       "  <thead>\n",
       "    <tr style=\"text-align: right;\">\n",
       "      <th></th>\n",
       "      <th>USO</th>\n",
       "      <th>NFLX</th>\n",
       "      <th>EBAY</th>\n",
       "      <th>GOOG</th>\n",
       "      <th>TWTR</th>\n",
       "      <th>TSLA</th>\n",
       "      <th>CAT</th>\n",
       "      <th>MS</th>\n",
       "      <th>FB</th>\n",
       "      <th>IBM</th>\n",
       "      <th>...</th>\n",
       "      <th>X</th>\n",
       "      <th>BA</th>\n",
       "      <th>CMG</th>\n",
       "      <th>HAL</th>\n",
       "      <th>QCOM</th>\n",
       "      <th>MCD</th>\n",
       "      <th>BIDU</th>\n",
       "      <th>GILD</th>\n",
       "      <th>FSLR</th>\n",
       "      <th>MA</th>\n",
       "    </tr>\n",
       "  </thead>\n",
       "  <tbody>\n",
       "    <tr>\n",
       "      <th>USO</th>\n",
       "      <td>1.000000</td>\n",
       "      <td>0.181233</td>\n",
       "      <td>0.205769</td>\n",
       "      <td>0.186533</td>\n",
       "      <td>0.043201</td>\n",
       "      <td>0.125324</td>\n",
       "      <td>0.346544</td>\n",
       "      <td>0.206383</td>\n",
       "      <td>0.204140</td>\n",
       "      <td>0.110379</td>\n",
       "      <td>...</td>\n",
       "      <td>0.219838</td>\n",
       "      <td>0.229266</td>\n",
       "      <td>0.173465</td>\n",
       "      <td>0.555437</td>\n",
       "      <td>0.147280</td>\n",
       "      <td>0.191828</td>\n",
       "      <td>0.146794</td>\n",
       "      <td>0.064290</td>\n",
       "      <td>0.181702</td>\n",
       "      <td>0.167596</td>\n",
       "    </tr>\n",
       "    <tr>\n",
       "      <th>NFLX</th>\n",
       "      <td>0.181233</td>\n",
       "      <td>1.000000</td>\n",
       "      <td>0.277036</td>\n",
       "      <td>0.570716</td>\n",
       "      <td>0.295822</td>\n",
       "      <td>0.321009</td>\n",
       "      <td>0.334549</td>\n",
       "      <td>0.350973</td>\n",
       "      <td>0.501826</td>\n",
       "      <td>0.290317</td>\n",
       "      <td>...</td>\n",
       "      <td>0.272852</td>\n",
       "      <td>0.258607</td>\n",
       "      <td>0.136719</td>\n",
       "      <td>0.210465</td>\n",
       "      <td>0.336766</td>\n",
       "      <td>0.216720</td>\n",
       "      <td>0.346557</td>\n",
       "      <td>0.303768</td>\n",
       "      <td>0.269550</td>\n",
       "      <td>0.524942</td>\n",
       "    </tr>\n",
       "    <tr>\n",
       "      <th>EBAY</th>\n",
       "      <td>0.205769</td>\n",
       "      <td>0.277036</td>\n",
       "      <td>1.000000</td>\n",
       "      <td>0.466984</td>\n",
       "      <td>0.271645</td>\n",
       "      <td>0.198993</td>\n",
       "      <td>0.293220</td>\n",
       "      <td>0.357890</td>\n",
       "      <td>0.325704</td>\n",
       "      <td>0.254828</td>\n",
       "      <td>...</td>\n",
       "      <td>0.264387</td>\n",
       "      <td>0.341485</td>\n",
       "      <td>-0.021632</td>\n",
       "      <td>0.316249</td>\n",
       "      <td>0.213929</td>\n",
       "      <td>0.214107</td>\n",
       "      <td>0.272288</td>\n",
       "      <td>0.307040</td>\n",
       "      <td>0.137691</td>\n",
       "      <td>0.464944</td>\n",
       "    </tr>\n",
       "    <tr>\n",
       "      <th>GOOG</th>\n",
       "      <td>0.186533</td>\n",
       "      <td>0.570716</td>\n",
       "      <td>0.466984</td>\n",
       "      <td>1.000000</td>\n",
       "      <td>0.364984</td>\n",
       "      <td>0.361712</td>\n",
       "      <td>0.514771</td>\n",
       "      <td>0.526067</td>\n",
       "      <td>0.706982</td>\n",
       "      <td>0.434332</td>\n",
       "      <td>...</td>\n",
       "      <td>0.333020</td>\n",
       "      <td>0.428252</td>\n",
       "      <td>0.178483</td>\n",
       "      <td>0.330332</td>\n",
       "      <td>0.457115</td>\n",
       "      <td>0.301957</td>\n",
       "      <td>0.426021</td>\n",
       "      <td>0.405369</td>\n",
       "      <td>0.332644</td>\n",
       "      <td>0.672236</td>\n",
       "    </tr>\n",
       "    <tr>\n",
       "      <th>TWTR</th>\n",
       "      <td>0.043201</td>\n",
       "      <td>0.295822</td>\n",
       "      <td>0.271645</td>\n",
       "      <td>0.364984</td>\n",
       "      <td>1.000000</td>\n",
       "      <td>0.183123</td>\n",
       "      <td>0.090912</td>\n",
       "      <td>0.094876</td>\n",
       "      <td>0.293499</td>\n",
       "      <td>0.124944</td>\n",
       "      <td>...</td>\n",
       "      <td>0.216151</td>\n",
       "      <td>0.032657</td>\n",
       "      <td>-0.024530</td>\n",
       "      <td>0.053696</td>\n",
       "      <td>0.172729</td>\n",
       "      <td>0.091288</td>\n",
       "      <td>0.063756</td>\n",
       "      <td>0.099976</td>\n",
       "      <td>0.155973</td>\n",
       "      <td>0.321086</td>\n",
       "    </tr>\n",
       "    <tr>\n",
       "      <th>TSLA</th>\n",
       "      <td>0.125324</td>\n",
       "      <td>0.321009</td>\n",
       "      <td>0.198993</td>\n",
       "      <td>0.361712</td>\n",
       "      <td>0.183123</td>\n",
       "      <td>1.000000</td>\n",
       "      <td>0.305458</td>\n",
       "      <td>0.334180</td>\n",
       "      <td>0.338771</td>\n",
       "      <td>0.209440</td>\n",
       "      <td>...</td>\n",
       "      <td>0.203089</td>\n",
       "      <td>0.309455</td>\n",
       "      <td>0.100233</td>\n",
       "      <td>0.192345</td>\n",
       "      <td>0.208038</td>\n",
       "      <td>0.172667</td>\n",
       "      <td>0.325776</td>\n",
       "      <td>0.242289</td>\n",
       "      <td>0.103569</td>\n",
       "      <td>0.397692</td>\n",
       "    </tr>\n",
       "    <tr>\n",
       "      <th>CAT</th>\n",
       "      <td>0.346544</td>\n",
       "      <td>0.334549</td>\n",
       "      <td>0.293220</td>\n",
       "      <td>0.514771</td>\n",
       "      <td>0.090912</td>\n",
       "      <td>0.305458</td>\n",
       "      <td>1.000000</td>\n",
       "      <td>0.586562</td>\n",
       "      <td>0.430485</td>\n",
       "      <td>0.307901</td>\n",
       "      <td>...</td>\n",
       "      <td>0.332357</td>\n",
       "      <td>0.571812</td>\n",
       "      <td>0.178604</td>\n",
       "      <td>0.407490</td>\n",
       "      <td>0.378136</td>\n",
       "      <td>0.447610</td>\n",
       "      <td>0.329333</td>\n",
       "      <td>0.274706</td>\n",
       "      <td>0.215052</td>\n",
       "      <td>0.520244</td>\n",
       "    </tr>\n",
       "    <tr>\n",
       "      <th>MS</th>\n",
       "      <td>0.206383</td>\n",
       "      <td>0.350973</td>\n",
       "      <td>0.357890</td>\n",
       "      <td>0.526067</td>\n",
       "      <td>0.094876</td>\n",
       "      <td>0.334180</td>\n",
       "      <td>0.586562</td>\n",
       "      <td>1.000000</td>\n",
       "      <td>0.356685</td>\n",
       "      <td>0.438198</td>\n",
       "      <td>...</td>\n",
       "      <td>0.335806</td>\n",
       "      <td>0.485098</td>\n",
       "      <td>0.218450</td>\n",
       "      <td>0.337568</td>\n",
       "      <td>0.349371</td>\n",
       "      <td>0.312813</td>\n",
       "      <td>0.374907</td>\n",
       "      <td>0.367677</td>\n",
       "      <td>0.204288</td>\n",
       "      <td>0.542018</td>\n",
       "    </tr>\n",
       "    <tr>\n",
       "      <th>FB</th>\n",
       "      <td>0.204140</td>\n",
       "      <td>0.501826</td>\n",
       "      <td>0.325704</td>\n",
       "      <td>0.706982</td>\n",
       "      <td>0.293499</td>\n",
       "      <td>0.338771</td>\n",
       "      <td>0.430485</td>\n",
       "      <td>0.356685</td>\n",
       "      <td>1.000000</td>\n",
       "      <td>0.313230</td>\n",
       "      <td>...</td>\n",
       "      <td>0.251484</td>\n",
       "      <td>0.265521</td>\n",
       "      <td>0.278972</td>\n",
       "      <td>0.341090</td>\n",
       "      <td>0.381772</td>\n",
       "      <td>0.297525</td>\n",
       "      <td>0.345643</td>\n",
       "      <td>0.292088</td>\n",
       "      <td>0.343685</td>\n",
       "      <td>0.611351</td>\n",
       "    </tr>\n",
       "    <tr>\n",
       "      <th>IBM</th>\n",
       "      <td>0.110379</td>\n",
       "      <td>0.290317</td>\n",
       "      <td>0.254828</td>\n",
       "      <td>0.434332</td>\n",
       "      <td>0.124944</td>\n",
       "      <td>0.209440</td>\n",
       "      <td>0.307901</td>\n",
       "      <td>0.438198</td>\n",
       "      <td>0.313230</td>\n",
       "      <td>1.000000</td>\n",
       "      <td>...</td>\n",
       "      <td>0.240766</td>\n",
       "      <td>0.320875</td>\n",
       "      <td>0.194459</td>\n",
       "      <td>0.190488</td>\n",
       "      <td>0.293386</td>\n",
       "      <td>0.259429</td>\n",
       "      <td>0.281369</td>\n",
       "      <td>0.323023</td>\n",
       "      <td>0.041544</td>\n",
       "      <td>0.373812</td>\n",
       "    </tr>\n",
       "    <tr>\n",
       "      <th>AMZN</th>\n",
       "      <td>0.203120</td>\n",
       "      <td>0.590716</td>\n",
       "      <td>0.209932</td>\n",
       "      <td>0.656503</td>\n",
       "      <td>0.254768</td>\n",
       "      <td>0.375514</td>\n",
       "      <td>0.409947</td>\n",
       "      <td>0.370930</td>\n",
       "      <td>0.547277</td>\n",
       "      <td>0.249883</td>\n",
       "      <td>...</td>\n",
       "      <td>0.184328</td>\n",
       "      <td>0.314043</td>\n",
       "      <td>0.231733</td>\n",
       "      <td>0.297078</td>\n",
       "      <td>0.383917</td>\n",
       "      <td>0.243845</td>\n",
       "      <td>0.252092</td>\n",
       "      <td>0.288350</td>\n",
       "      <td>0.423110</td>\n",
       "      <td>0.551463</td>\n",
       "    </tr>\n",
       "    <tr>\n",
       "      <th>GM</th>\n",
       "      <td>0.107698</td>\n",
       "      <td>0.233407</td>\n",
       "      <td>0.239915</td>\n",
       "      <td>0.394042</td>\n",
       "      <td>0.123108</td>\n",
       "      <td>0.237516</td>\n",
       "      <td>0.377313</td>\n",
       "      <td>0.395043</td>\n",
       "      <td>0.323254</td>\n",
       "      <td>0.356599</td>\n",
       "      <td>...</td>\n",
       "      <td>0.302606</td>\n",
       "      <td>0.299549</td>\n",
       "      <td>0.134464</td>\n",
       "      <td>0.215595</td>\n",
       "      <td>0.311715</td>\n",
       "      <td>0.219847</td>\n",
       "      <td>0.308653</td>\n",
       "      <td>0.279544</td>\n",
       "      <td>0.085614</td>\n",
       "      <td>0.290981</td>\n",
       "    </tr>\n",
       "    <tr>\n",
       "      <th>UAL</th>\n",
       "      <td>0.084035</td>\n",
       "      <td>0.131190</td>\n",
       "      <td>0.131949</td>\n",
       "      <td>0.277970</td>\n",
       "      <td>0.110501</td>\n",
       "      <td>0.266153</td>\n",
       "      <td>0.262996</td>\n",
       "      <td>0.323383</td>\n",
       "      <td>0.122074</td>\n",
       "      <td>0.154570</td>\n",
       "      <td>...</td>\n",
       "      <td>0.139009</td>\n",
       "      <td>0.233377</td>\n",
       "      <td>0.049790</td>\n",
       "      <td>0.173047</td>\n",
       "      <td>0.248843</td>\n",
       "      <td>0.091649</td>\n",
       "      <td>0.217345</td>\n",
       "      <td>0.109029</td>\n",
       "      <td>0.102169</td>\n",
       "      <td>0.251654</td>\n",
       "    </tr>\n",
       "    <tr>\n",
       "      <th>X</th>\n",
       "      <td>0.219838</td>\n",
       "      <td>0.272852</td>\n",
       "      <td>0.264387</td>\n",
       "      <td>0.333020</td>\n",
       "      <td>0.216151</td>\n",
       "      <td>0.203089</td>\n",
       "      <td>0.332357</td>\n",
       "      <td>0.335806</td>\n",
       "      <td>0.251484</td>\n",
       "      <td>0.240766</td>\n",
       "      <td>...</td>\n",
       "      <td>1.000000</td>\n",
       "      <td>0.323234</td>\n",
       "      <td>0.179647</td>\n",
       "      <td>0.317285</td>\n",
       "      <td>0.266047</td>\n",
       "      <td>0.212324</td>\n",
       "      <td>0.192125</td>\n",
       "      <td>0.215680</td>\n",
       "      <td>0.120383</td>\n",
       "      <td>0.363367</td>\n",
       "    </tr>\n",
       "    <tr>\n",
       "      <th>BA</th>\n",
       "      <td>0.229266</td>\n",
       "      <td>0.258607</td>\n",
       "      <td>0.341485</td>\n",
       "      <td>0.428252</td>\n",
       "      <td>0.032657</td>\n",
       "      <td>0.309455</td>\n",
       "      <td>0.571812</td>\n",
       "      <td>0.485098</td>\n",
       "      <td>0.265521</td>\n",
       "      <td>0.320875</td>\n",
       "      <td>...</td>\n",
       "      <td>0.323234</td>\n",
       "      <td>1.000000</td>\n",
       "      <td>0.119317</td>\n",
       "      <td>0.296277</td>\n",
       "      <td>0.315597</td>\n",
       "      <td>0.247023</td>\n",
       "      <td>0.264410</td>\n",
       "      <td>0.279579</td>\n",
       "      <td>0.188702</td>\n",
       "      <td>0.456122</td>\n",
       "    </tr>\n",
       "    <tr>\n",
       "      <th>CMG</th>\n",
       "      <td>0.173465</td>\n",
       "      <td>0.136719</td>\n",
       "      <td>-0.021632</td>\n",
       "      <td>0.178483</td>\n",
       "      <td>-0.024530</td>\n",
       "      <td>0.100233</td>\n",
       "      <td>0.178604</td>\n",
       "      <td>0.218450</td>\n",
       "      <td>0.278972</td>\n",
       "      <td>0.194459</td>\n",
       "      <td>...</td>\n",
       "      <td>0.179647</td>\n",
       "      <td>0.119317</td>\n",
       "      <td>1.000000</td>\n",
       "      <td>0.171228</td>\n",
       "      <td>0.108259</td>\n",
       "      <td>0.096829</td>\n",
       "      <td>0.210801</td>\n",
       "      <td>0.136113</td>\n",
       "      <td>0.060853</td>\n",
       "      <td>0.154307</td>\n",
       "    </tr>\n",
       "    <tr>\n",
       "      <th>HAL</th>\n",
       "      <td>0.555437</td>\n",
       "      <td>0.210465</td>\n",
       "      <td>0.316249</td>\n",
       "      <td>0.330332</td>\n",
       "      <td>0.053696</td>\n",
       "      <td>0.192345</td>\n",
       "      <td>0.407490</td>\n",
       "      <td>0.337568</td>\n",
       "      <td>0.341090</td>\n",
       "      <td>0.190488</td>\n",
       "      <td>...</td>\n",
       "      <td>0.317285</td>\n",
       "      <td>0.296277</td>\n",
       "      <td>0.171228</td>\n",
       "      <td>1.000000</td>\n",
       "      <td>0.252185</td>\n",
       "      <td>0.266104</td>\n",
       "      <td>0.109434</td>\n",
       "      <td>0.184119</td>\n",
       "      <td>0.214880</td>\n",
       "      <td>0.285655</td>\n",
       "    </tr>\n",
       "    <tr>\n",
       "      <th>QCOM</th>\n",
       "      <td>0.147280</td>\n",
       "      <td>0.336766</td>\n",
       "      <td>0.213929</td>\n",
       "      <td>0.457115</td>\n",
       "      <td>0.172729</td>\n",
       "      <td>0.208038</td>\n",
       "      <td>0.378136</td>\n",
       "      <td>0.349371</td>\n",
       "      <td>0.381772</td>\n",
       "      <td>0.293386</td>\n",
       "      <td>...</td>\n",
       "      <td>0.266047</td>\n",
       "      <td>0.315597</td>\n",
       "      <td>0.108259</td>\n",
       "      <td>0.252185</td>\n",
       "      <td>1.000000</td>\n",
       "      <td>0.320189</td>\n",
       "      <td>0.290965</td>\n",
       "      <td>0.323526</td>\n",
       "      <td>0.312108</td>\n",
       "      <td>0.460988</td>\n",
       "    </tr>\n",
       "    <tr>\n",
       "      <th>MCD</th>\n",
       "      <td>0.191828</td>\n",
       "      <td>0.216720</td>\n",
       "      <td>0.214107</td>\n",
       "      <td>0.301957</td>\n",
       "      <td>0.091288</td>\n",
       "      <td>0.172667</td>\n",
       "      <td>0.447610</td>\n",
       "      <td>0.312813</td>\n",
       "      <td>0.297525</td>\n",
       "      <td>0.259429</td>\n",
       "      <td>...</td>\n",
       "      <td>0.212324</td>\n",
       "      <td>0.247023</td>\n",
       "      <td>0.096829</td>\n",
       "      <td>0.266104</td>\n",
       "      <td>0.320189</td>\n",
       "      <td>1.000000</td>\n",
       "      <td>0.197695</td>\n",
       "      <td>0.228762</td>\n",
       "      <td>0.050489</td>\n",
       "      <td>0.381306</td>\n",
       "    </tr>\n",
       "    <tr>\n",
       "      <th>BIDU</th>\n",
       "      <td>0.146794</td>\n",
       "      <td>0.346557</td>\n",
       "      <td>0.272288</td>\n",
       "      <td>0.426021</td>\n",
       "      <td>0.063756</td>\n",
       "      <td>0.325776</td>\n",
       "      <td>0.329333</td>\n",
       "      <td>0.374907</td>\n",
       "      <td>0.345643</td>\n",
       "      <td>0.281369</td>\n",
       "      <td>...</td>\n",
       "      <td>0.192125</td>\n",
       "      <td>0.264410</td>\n",
       "      <td>0.210801</td>\n",
       "      <td>0.109434</td>\n",
       "      <td>0.290965</td>\n",
       "      <td>0.197695</td>\n",
       "      <td>1.000000</td>\n",
       "      <td>0.321542</td>\n",
       "      <td>0.107837</td>\n",
       "      <td>0.416764</td>\n",
       "    </tr>\n",
       "    <tr>\n",
       "      <th>GILD</th>\n",
       "      <td>0.064290</td>\n",
       "      <td>0.303768</td>\n",
       "      <td>0.307040</td>\n",
       "      <td>0.405369</td>\n",
       "      <td>0.099976</td>\n",
       "      <td>0.242289</td>\n",
       "      <td>0.274706</td>\n",
       "      <td>0.367677</td>\n",
       "      <td>0.292088</td>\n",
       "      <td>0.323023</td>\n",
       "      <td>...</td>\n",
       "      <td>0.215680</td>\n",
       "      <td>0.279579</td>\n",
       "      <td>0.136113</td>\n",
       "      <td>0.184119</td>\n",
       "      <td>0.323526</td>\n",
       "      <td>0.228762</td>\n",
       "      <td>0.321542</td>\n",
       "      <td>1.000000</td>\n",
       "      <td>0.137560</td>\n",
       "      <td>0.309691</td>\n",
       "    </tr>\n",
       "    <tr>\n",
       "      <th>FSLR</th>\n",
       "      <td>0.181702</td>\n",
       "      <td>0.269550</td>\n",
       "      <td>0.137691</td>\n",
       "      <td>0.332644</td>\n",
       "      <td>0.155973</td>\n",
       "      <td>0.103569</td>\n",
       "      <td>0.215052</td>\n",
       "      <td>0.204288</td>\n",
       "      <td>0.343685</td>\n",
       "      <td>0.041544</td>\n",
       "      <td>...</td>\n",
       "      <td>0.120383</td>\n",
       "      <td>0.188702</td>\n",
       "      <td>0.060853</td>\n",
       "      <td>0.214880</td>\n",
       "      <td>0.312108</td>\n",
       "      <td>0.050489</td>\n",
       "      <td>0.107837</td>\n",
       "      <td>0.137560</td>\n",
       "      <td>1.000000</td>\n",
       "      <td>0.309785</td>\n",
       "    </tr>\n",
       "    <tr>\n",
       "      <th>MA</th>\n",
       "      <td>0.167596</td>\n",
       "      <td>0.524942</td>\n",
       "      <td>0.464944</td>\n",
       "      <td>0.672236</td>\n",
       "      <td>0.321086</td>\n",
       "      <td>0.397692</td>\n",
       "      <td>0.520244</td>\n",
       "      <td>0.542018</td>\n",
       "      <td>0.611351</td>\n",
       "      <td>0.373812</td>\n",
       "      <td>...</td>\n",
       "      <td>0.363367</td>\n",
       "      <td>0.456122</td>\n",
       "      <td>0.154307</td>\n",
       "      <td>0.285655</td>\n",
       "      <td>0.460988</td>\n",
       "      <td>0.381306</td>\n",
       "      <td>0.416764</td>\n",
       "      <td>0.309691</td>\n",
       "      <td>0.309785</td>\n",
       "      <td>1.000000</td>\n",
       "    </tr>\n",
       "  </tbody>\n",
       "</table>\n",
       "<p>23 rows × 23 columns</p>\n",
       "</div>"
      ],
      "text/plain": [
       "           USO      NFLX      EBAY      GOOG      TWTR      TSLA       CAT  \\\n",
       "USO   1.000000  0.181233  0.205769  0.186533  0.043201  0.125324  0.346544   \n",
       "NFLX  0.181233  1.000000  0.277036  0.570716  0.295822  0.321009  0.334549   \n",
       "EBAY  0.205769  0.277036  1.000000  0.466984  0.271645  0.198993  0.293220   \n",
       "GOOG  0.186533  0.570716  0.466984  1.000000  0.364984  0.361712  0.514771   \n",
       "TWTR  0.043201  0.295822  0.271645  0.364984  1.000000  0.183123  0.090912   \n",
       "TSLA  0.125324  0.321009  0.198993  0.361712  0.183123  1.000000  0.305458   \n",
       "CAT   0.346544  0.334549  0.293220  0.514771  0.090912  0.305458  1.000000   \n",
       "MS    0.206383  0.350973  0.357890  0.526067  0.094876  0.334180  0.586562   \n",
       "FB    0.204140  0.501826  0.325704  0.706982  0.293499  0.338771  0.430485   \n",
       "IBM   0.110379  0.290317  0.254828  0.434332  0.124944  0.209440  0.307901   \n",
       "AMZN  0.203120  0.590716  0.209932  0.656503  0.254768  0.375514  0.409947   \n",
       "GM    0.107698  0.233407  0.239915  0.394042  0.123108  0.237516  0.377313   \n",
       "UAL   0.084035  0.131190  0.131949  0.277970  0.110501  0.266153  0.262996   \n",
       "X     0.219838  0.272852  0.264387  0.333020  0.216151  0.203089  0.332357   \n",
       "BA    0.229266  0.258607  0.341485  0.428252  0.032657  0.309455  0.571812   \n",
       "CMG   0.173465  0.136719 -0.021632  0.178483 -0.024530  0.100233  0.178604   \n",
       "HAL   0.555437  0.210465  0.316249  0.330332  0.053696  0.192345  0.407490   \n",
       "QCOM  0.147280  0.336766  0.213929  0.457115  0.172729  0.208038  0.378136   \n",
       "MCD   0.191828  0.216720  0.214107  0.301957  0.091288  0.172667  0.447610   \n",
       "BIDU  0.146794  0.346557  0.272288  0.426021  0.063756  0.325776  0.329333   \n",
       "GILD  0.064290  0.303768  0.307040  0.405369  0.099976  0.242289  0.274706   \n",
       "FSLR  0.181702  0.269550  0.137691  0.332644  0.155973  0.103569  0.215052   \n",
       "MA    0.167596  0.524942  0.464944  0.672236  0.321086  0.397692  0.520244   \n",
       "\n",
       "            MS        FB       IBM    ...            X        BA       CMG  \\\n",
       "USO   0.206383  0.204140  0.110379    ...     0.219838  0.229266  0.173465   \n",
       "NFLX  0.350973  0.501826  0.290317    ...     0.272852  0.258607  0.136719   \n",
       "EBAY  0.357890  0.325704  0.254828    ...     0.264387  0.341485 -0.021632   \n",
       "GOOG  0.526067  0.706982  0.434332    ...     0.333020  0.428252  0.178483   \n",
       "TWTR  0.094876  0.293499  0.124944    ...     0.216151  0.032657 -0.024530   \n",
       "TSLA  0.334180  0.338771  0.209440    ...     0.203089  0.309455  0.100233   \n",
       "CAT   0.586562  0.430485  0.307901    ...     0.332357  0.571812  0.178604   \n",
       "MS    1.000000  0.356685  0.438198    ...     0.335806  0.485098  0.218450   \n",
       "FB    0.356685  1.000000  0.313230    ...     0.251484  0.265521  0.278972   \n",
       "IBM   0.438198  0.313230  1.000000    ...     0.240766  0.320875  0.194459   \n",
       "AMZN  0.370930  0.547277  0.249883    ...     0.184328  0.314043  0.231733   \n",
       "GM    0.395043  0.323254  0.356599    ...     0.302606  0.299549  0.134464   \n",
       "UAL   0.323383  0.122074  0.154570    ...     0.139009  0.233377  0.049790   \n",
       "X     0.335806  0.251484  0.240766    ...     1.000000  0.323234  0.179647   \n",
       "BA    0.485098  0.265521  0.320875    ...     0.323234  1.000000  0.119317   \n",
       "CMG   0.218450  0.278972  0.194459    ...     0.179647  0.119317  1.000000   \n",
       "HAL   0.337568  0.341090  0.190488    ...     0.317285  0.296277  0.171228   \n",
       "QCOM  0.349371  0.381772  0.293386    ...     0.266047  0.315597  0.108259   \n",
       "MCD   0.312813  0.297525  0.259429    ...     0.212324  0.247023  0.096829   \n",
       "BIDU  0.374907  0.345643  0.281369    ...     0.192125  0.264410  0.210801   \n",
       "GILD  0.367677  0.292088  0.323023    ...     0.215680  0.279579  0.136113   \n",
       "FSLR  0.204288  0.343685  0.041544    ...     0.120383  0.188702  0.060853   \n",
       "MA    0.542018  0.611351  0.373812    ...     0.363367  0.456122  0.154307   \n",
       "\n",
       "           HAL      QCOM       MCD      BIDU      GILD      FSLR        MA  \n",
       "USO   0.555437  0.147280  0.191828  0.146794  0.064290  0.181702  0.167596  \n",
       "NFLX  0.210465  0.336766  0.216720  0.346557  0.303768  0.269550  0.524942  \n",
       "EBAY  0.316249  0.213929  0.214107  0.272288  0.307040  0.137691  0.464944  \n",
       "GOOG  0.330332  0.457115  0.301957  0.426021  0.405369  0.332644  0.672236  \n",
       "TWTR  0.053696  0.172729  0.091288  0.063756  0.099976  0.155973  0.321086  \n",
       "TSLA  0.192345  0.208038  0.172667  0.325776  0.242289  0.103569  0.397692  \n",
       "CAT   0.407490  0.378136  0.447610  0.329333  0.274706  0.215052  0.520244  \n",
       "MS    0.337568  0.349371  0.312813  0.374907  0.367677  0.204288  0.542018  \n",
       "FB    0.341090  0.381772  0.297525  0.345643  0.292088  0.343685  0.611351  \n",
       "IBM   0.190488  0.293386  0.259429  0.281369  0.323023  0.041544  0.373812  \n",
       "AMZN  0.297078  0.383917  0.243845  0.252092  0.288350  0.423110  0.551463  \n",
       "GM    0.215595  0.311715  0.219847  0.308653  0.279544  0.085614  0.290981  \n",
       "UAL   0.173047  0.248843  0.091649  0.217345  0.109029  0.102169  0.251654  \n",
       "X     0.317285  0.266047  0.212324  0.192125  0.215680  0.120383  0.363367  \n",
       "BA    0.296277  0.315597  0.247023  0.264410  0.279579  0.188702  0.456122  \n",
       "CMG   0.171228  0.108259  0.096829  0.210801  0.136113  0.060853  0.154307  \n",
       "HAL   1.000000  0.252185  0.266104  0.109434  0.184119  0.214880  0.285655  \n",
       "QCOM  0.252185  1.000000  0.320189  0.290965  0.323526  0.312108  0.460988  \n",
       "MCD   0.266104  0.320189  1.000000  0.197695  0.228762  0.050489  0.381306  \n",
       "BIDU  0.109434  0.290965  0.197695  1.000000  0.321542  0.107837  0.416764  \n",
       "GILD  0.184119  0.323526  0.228762  0.321542  1.000000  0.137560  0.309691  \n",
       "FSLR  0.214880  0.312108  0.050489  0.107837  0.137560  1.000000  0.309785  \n",
       "MA    0.285655  0.460988  0.381306  0.416764  0.309691  0.309785  1.000000  \n",
       "\n",
       "[23 rows x 23 columns]"
      ]
     },
     "execution_count": 3,
     "metadata": {},
     "output_type": "execute_result"
    }
   ],
   "source": [
    "symbols = ['USO', 'NFLX', 'EBAY', 'GOOG', 'TWTR', 'TSLA', 'CAT', 'MS', 'FB', 'IBM', 'AMZN', 'GM', 'UAL', 'X', 'BA', 'CMG', 'HAL', 'UAL', 'QCOM', 'MCD', 'BIDU', 'GILD', 'FSLR', 'MA']\n",
    "# symbols = symbols[:1]\n",
    "ohlc_data = {}\n",
    "returns_df = pd.DataFrame()\n",
    "\n",
    "my_ohlc_downloader = ohlc_downloader(ohlc_symbols=symbols,\n",
    "                                     ohlc_end_date=datetime.datetime.today(),\n",
    "                                     ohlc_start_date=(datetime.datetime.today()-datetime.timedelta(days=365)), \n",
    "                                     download_tries=5)\n",
    "# download data for each symbol:\n",
    "while my_ohlc_downloader.continue_downloading():\n",
    "    for symbol in symbols:\n",
    "        ohlc_data_status = my_ohlc_downloader.download(symbol)\n",
    "        if isinstance(ohlc_data_status, pd.DataFrame):\n",
    "            ohlc_data[symbol] = ohlc_data_status\n",
    "\n",
    "# calculate log returns for each symbol:      \n",
    "for symbol in symbols:\n",
    "    if symbol in ohlc_data.keys():\n",
    "        returns_df[symbol] = np.log(ohlc_data[symbol]['Adj Close'] / ohlc_data[symbol]['Adj Close'].shift(1))[1:]\n",
    "\n",
    "# calculate corrolation:\n",
    "returns_df.corr()"
   ]
  },
  {
   "cell_type": "code",
   "execution_count": null,
   "metadata": {},
   "outputs": [],
   "source": [
    "returns_df.corr().sum() - 1"
   ]
  },
  {
   "cell_type": "code",
   "execution_count": null,
   "metadata": {},
   "outputs": [],
   "source": [
    "my_ohlc_downloader.symbols_download_status_dict"
   ]
  },
  {
   "cell_type": "code",
   "execution_count": null,
   "metadata": {},
   "outputs": [],
   "source": []
  },
  {
   "cell_type": "code",
   "execution_count": null,
   "metadata": {
    "collapsed": true
   },
   "outputs": [],
   "source": []
  }
 ],
 "metadata": {
  "kernelspec": {
   "display_name": "Python 3",
   "language": "python",
   "name": "python3"
  },
  "language_info": {
   "codemirror_mode": {
    "name": "ipython",
    "version": 3
   },
   "file_extension": ".py",
   "mimetype": "text/x-python",
   "name": "python",
   "nbconvert_exporter": "python",
   "pygments_lexer": "ipython3",
   "version": "3.6.1"
  }
 },
 "nbformat": 4,
 "nbformat_minor": 2
}
